1.000000e+00 0.000000e+00
9.995066e-01 3.141076e-02
9.980267e-01 6.279052e-02
9.955620e-01 9.410831e-02
9.921147e-01 1.253332e-01
9.876883e-01 1.564345e-01
9.822873e-01 1.873813e-01
9.759168e-01 2.181432e-01
9.685832e-01 2.486899e-01
9.602937e-01 2.789911e-01
9.510565e-01 3.090170e-01
9.408808e-01 3.387379e-01
9.297765e-01 3.681246e-01
9.177546e-01 3.971479e-01
9.048271e-01 4.257793e-01
8.910065e-01 4.539905e-01
8.763067e-01 4.817537e-01
8.607420e-01 5.090414e-01
8.443279e-01 5.358268e-01
8.270806e-01 5.620834e-01
8.090170e-01 5.877853e-01
7.901550e-01 6.129071e-01
7.705132e-01 6.374240e-01
7.501111e-01 6.613119e-01
7.289686e-01 6.845471e-01
7.071068e-01 7.071068e-01
6.845471e-01 7.289686e-01
6.613119e-01 7.501111e-01
6.374240e-01 7.705132e-01
6.129071e-01 7.901550e-01
5.877853e-01 8.090170e-01
5.620834e-01 8.270806e-01
5.358268e-01 8.443279e-01
5.090414e-01 8.607420e-01
4.817537e-01 8.763067e-01
4.539905e-01 8.910065e-01
4.257793e-01 9.048271e-01
3.971479e-01 9.177546e-01
3.681246e-01 9.297765e-01
3.387379e-01 9.408808e-01
3.090170e-01 9.510565e-01
2.789911e-01 9.602937e-01
2.486899e-01 9.685832e-01
2.181432e-01 9.759168e-01
1.873813e-01 9.822873e-01
1.564345e-01 9.876883e-01
1.253332e-01 9.921147e-01
9.410831e-02 9.955620e-01
6.279052e-02 9.980267e-01
3.141076e-02 9.995066e-01
-1.271035e-15 1.000000e+00
-3.141076e-02 9.995066e-01
-6.279052e-02 9.980267e-01
-9.410831e-02 9.955620e-01
-1.253332e-01 9.921147e-01
-1.564345e-01 9.876883e-01
-1.873813e-01 9.822873e-01
-2.181432e-01 9.759168e-01
-2.486899e-01 9.685832e-01
-2.789911e-01 9.602937e-01
-3.090170e-01 9.510565e-01
-3.387379e-01 9.408808e-01
-3.681246e-01 9.297765e-01
-3.971479e-01 9.177546e-01
-4.257793e-01 9.048271e-01
-4.539905e-01 8.910065e-01
-4.817537e-01 8.763067e-01
-5.090414e-01 8.607420e-01
-5.358268e-01 8.443279e-01
-5.620834e-01 8.270806e-01
-5.877853e-01 8.090170e-01
-6.129071e-01 7.901550e-01
-6.374240e-01 7.705132e-01
-6.613119e-01 7.501111e-01
-6.845471e-01 7.289686e-01
-7.071068e-01 7.071068e-01
-7.289686e-01 6.845471e-01
-7.501111e-01 6.613119e-01
-7.705132e-01 6.374240e-01
-7.901550e-01 6.129071e-01
-8.090170e-01 5.877853e-01
-8.270806e-01 5.620834e-01
-8.443279e-01 5.358268e-01
-8.607420e-01 5.090414e-01
-8.763067e-01 4.817537e-01
-8.910065e-01 4.539905e-01
-9.048271e-01 4.257793e-01
-9.177546e-01 3.971479e-01
-9.297765e-01 3.681246e-01
-9.408808e-01 3.387379e-01
-9.510565e-01 3.090170e-01
-9.602937e-01 2.789911e-01
-9.685832e-01 2.486899e-01
-9.759168e-01 2.181432e-01
-9.822873e-01 1.873813e-01
-9.876883e-01 1.564345e-01
-9.921147e-01 1.253332e-01
-9.955620e-01 9.410831e-02
-9.980267e-01 6.279052e-02
-9.995066e-01 3.141076e-02
-1.000000e+00 4.563357e-15
-9.995066e-01 -3.141076e-02
-9.980267e-01 -6.279052e-02
-9.955620e-01 -9.410831e-02
-9.921147e-01 -1.253332e-01
-9.876883e-01 -1.564345e-01
-9.822873e-01 -1.873813e-01
-9.759168e-01 -2.181432e-01
-9.685832e-01 -2.486899e-01
-9.602937e-01 -2.789911e-01
-9.510565e-01 -3.090170e-01
-9.408808e-01 -3.387379e-01
-9.297765e-01 -3.681246e-01
-9.177546e-01 -3.971479e-01
-9.048271e-01 -4.257793e-01
-8.910065e-01 -4.539905e-01
-8.763067e-01 -4.817537e-01
-8.607420e-01 -5.090414e-01
-8.443279e-01 -5.358268e-01
-8.270806e-01 -5.620834e-01
-8.090170e-01 -5.877853e-01
-7.901550e-01 -6.129071e-01
-7.705132e-01 -6.374240e-01
-7.501111e-01 -6.613119e-01
-7.289686e-01 -6.845471e-01
-7.071068e-01 -7.071068e-01
-6.845471e-01 -7.289686e-01
-6.613119e-01 -7.501111e-01
-6.374240e-01 -7.705132e-01
-6.129071e-01 -7.901550e-01
-5.877853e-01 -8.090170e-01
-5.620834e-01 -8.270806e-01
-5.358268e-01 -8.443279e-01
-5.090414e-01 -8.607420e-01
-4.817537e-01 -8.763067e-01
-4.539905e-01 -8.910065e-01
-4.257793e-01 -9.048271e-01
-3.971479e-01 -9.177546e-01
-3.681246e-01 -9.297765e-01
-3.387379e-01 -9.408808e-01
-3.090170e-01 -9.510565e-01
-2.789911e-01 -9.602937e-01
-2.486899e-01 -9.685832e-01
-2.181432e-01 -9.759168e-01
-1.873813e-01 -9.822873e-01
-1.564345e-01 -9.876883e-01
-1.253332e-01 -9.921147e-01
-9.410831e-02 -9.955620e-01
-6.279052e-02 -9.980267e-01
-3.141076e-02 -9.995066e-01
-1.350637e-14 -1.000000e+00
3.141076e-02 -9.995066e-01
6.279052e-02 -9.980267e-01
9.410831e-02 -9.955620e-01
1.253332e-01 -9.921147e-01
1.564345e-01 -9.876883e-01
1.873813e-01 -9.822873e-01
2.181432e-01 -9.759168e-01
2.486899e-01 -9.685832e-01
2.789911e-01 -9.602937e-01
3.090170e-01 -9.510565e-01
3.387379e-01 -9.408808e-01
3.681246e-01 -9.297765e-01
3.971479e-01 -9.177546e-01
4.257793e-01 -9.048271e-01
4.539905e-01 -8.910065e-01
4.817537e-01 -8.763067e-01
5.090414e-01 -8.607420e-01
5.358268e-01 -8.443279e-01
5.620834e-01 -8.270806e-01
5.877853e-01 -8.090170e-01
6.129071e-01 -7.901550e-01
6.374240e-01 -7.705132e-01
6.613119e-01 -7.501111e-01
6.845471e-01 -7.289686e-01
7.071068e-01 -7.071068e-01
7.289686e-01 -6.845471e-01
7.501111e-01 -6.613119e-01
7.705132e-01 -6.374240e-01
7.901550e-01 -6.129071e-01
8.090170e-01 -5.877853e-01
8.270806e-01 -5.620834e-01
8.443279e-01 -5.358268e-01
8.607420e-01 -5.090414e-01
8.763067e-01 -4.817537e-01
8.910065e-01 -4.539905e-01
9.048271e-01 -4.257793e-01
9.177546e-01 -3.971479e-01
9.297765e-01 -3.681246e-01
9.408808e-01 -3.387379e-01
9.510565e-01 -3.090170e-01
9.602937e-01 -2.789911e-01
9.685832e-01 -2.486899e-01
9.759168e-01 -2.181432e-01
9.822873e-01 -1.873813e-01
9.876883e-01 -1.564345e-01
9.921147e-01 -1.253332e-01
9.955620e-01 -9.410831e-02
9.980267e-01 -6.279052e-02
9.995066e-01 -3.141076e-02
1.000000e+00 -2.244939e-14

